Generation 0
0000000000000
0000010011110
1110110001010
1110110100011
0110001010110
0011010110001
0000101011101
Generation 1
0000000001100
0100110011010
1010000001000
0000100111001
1000000011100
0111110000001
0001111011010
Generation 2
0000000011100
0100000010000
0101110100000
0100000100000
0110010100110
0110001100010
0000001000000
Generation 3
0000000011000
0010100110000
1100101110000
1101010110000
1000000110110
0110010100110
0000001100000
Generation 4
0000000111000
0101011000000
1000100001000
0010110000000
1000100000110
0100000001110
0000001100000
Generation 5
0000001110000
0000111101000
0110001000000
0100110000100
0101110001010
0000000001010
0000000000100
Generation 6
0000000010000
0000000000000
0111000100000
1100001000100
0011010001010
0000100001010
0000000000100
Generation 7
0000000000000
0010000000000
1110000000000
1000101000100
0111110001010
0001100001010
0000000000100
Generation 8
0000000000000
0010000000000
1011000000000
1000100000100
0110000001010
0000010001010
0000000000100
Generation 9
0000000000000
0111000000000
0011000000000
1000000000100
0100000001010
0000000001010
0000000000100
Generation 10
0010000000000
0101000000000
0001000000000
0110000000100
0000000001010
0000000001010
0000000000100
Generation 11
0010000000000
0001000000000
0101000000000
0010000000100
0000000001010
0000000001010
0000000000100
Generation 12
0000000000000
0001000000000
0001000000000
0010000000100
0000000001010
0000000001010
0000000000100
Generation 13
0000000000000
0000000000000
0011000000000
0000000000100
0000000001010
0000000001010
0000000000100
Generation 14
0000000000000
0000000000000
0000000000000
0000000000100
0000000001010
0000000001010
0000000000100
Generation 15
0000000000000
0000000000000
0000000000000
0000000000100
0000000001010
0000000001010
0000000000100
Generation 16
0000000000000
0000000000000
0000000000000
0000000000100
0000000001010
0000000001010
0000000000100
Generation 17
0000000000000
0000000000000
0000000000000
0000000000100
0000000001010
0000000001010
0000000000100
Generation 18
0000000000000
0000000000000
0000000000000
0000000000100
0000000001010
0000000001010
0000000000100
Generation 19
0000000000000
0000000000000
0000000000000
0000000000100
0000000001010
0000000001010
0000000000100
Generation 20
0000000000000
0000000000000
0000000000000
0000000000100
0000000001010
0000000001010
0000000000100
Generation 0
010
101
000
Generation 1
010
010
000
Generation 2
000
000
000
Generation 3
000
000
000
Generation 4
000
000
000
Generation 5
000
000
000
Generation 0
010
101
000
Generation 1
010
010
000
Generation 2
000
000
000
Generation 3
000
000
000
Generation 4
000
000
000
Generation 5
000
000
000
Generation 0
00000010101110101101
00010111010101110101
00110101110110010110
01101011010010110101
00010110010111010100
00010110000010101110
00000000011110110101
01110101011011101010
Generation 1
00000110111110101100
00110100000000000001
01000000010100000101
01000000010000010100
00010000101100000000
00000110010000000000
00010100110000000001
00100000110010101110
Generation 2
00001110011100000000
00101110100010001100
01000000001000001000
00100000110100001010
00000000101000000000
00000111000000000000
00001111001000000110
00000000110000000110
Generation 3
00011011011100000000
00011011000000001100
01110101101100011000
00000000100100000100
00000010101000000000
00001000110000000000
00001000010000000110
00000111110000000110
Generation 4
00011011101000000000
00000000000000011100
00110100111100010000
00100010100100001000
00000000101000000000
00000101101000000000
00001010001000000110
00000111110000000110
Generation 5
00000001000000001000
00100110000100011000
00110001111100010100
00110000100100000000
00000010101100000000
00000111101100000000
00001000001000000110
00000111110000000110
Generation 6
00000010000000011000
00110010010100010100
01001011110110010000
00110000000010000000
00000110100010000000
00000110100000000000
00001000001100000110
00000111110000000110
Generation 7
00000000000000011000
00110010010110110000
01001111110110001000
00111000010011000000
00001110000000000000
00001010010100000000
00001000001000000110
00000111111000000110
Generation 8
00000000000000111000
00111010010111100000
01000011010000110000
00100000011111000000
00000010001010000000
00011010001000000000
00001000000100000110
00000111111000000110
Generation 9
00010000000010110000
00110111101010001000
01000111010000010000
00000011110011100000
00010100000011000000
00011000001000000000
00011000100100000110
00000111111000000110
Generation 10
00111011000101010000
00110100110101101000
00101000001110110000
00001000010010100000
00010111110110100000
00100100000110000000
00010010100100000110
00001111111000000110
Generation 11
00101111101001010000
01000111110000001000
00101100100000000000
00001011010000100000
00010111110000000000
00110100010001000000
00010000100110000110
00001110111000000110
Generation 12
00001000000000000000
01100000000000000000
00011000000000000000
00000000010000000000
00110000011000000000
00110100011010000000
00110011100110000110
00001101111100000110
Generation 13
00000000000000000000
00101000000000000000
00110000000000000000
00101000011000000000
00111000100100000000
01000011000010000000
00100000000010000110
00011100011110000110
Generation 14
00000000000000000000
00100000000000000000
01101000000000000000
01001000011000000000
01101101111100000000
01000001000110000000
00111110001011000110
00011000001110000110
Generation 15
00000000000000000000
01110000000000000000
01100000000000000000
10001000000100000000
11111111000010000000
01000001000001000000
00100110001001000110
00100000001011000110
Generation 16
00100000000000000000
01010000000000000000
10000000000000000000
10001010000000000000
10111111000010000000
10000001000011000000
01100010000101100110
00000000000111000110
Generation 17
00100000000000000000
01100000000000000000
11000000000000000000
10001011000000000000
10011001000011000000
10001001000100100000
01000000000100100110
00000000000101100110
Generation 18
01100000000000000000
10100000000000000000
10100000000000000000
10011111000000000000
11011001100011000000
11011000000100100000
00000000001100110110
00000000000011100110
Generation 19
01100000000000000000
10110000000000000000
10101110000000000000
10000111100000000000
00000001100011000000
11011000001100110000
00000000001100011110
00000000000111111110
Generation 20
01110000000000000000
10001100000000000000
10101000000000000000
01001000100000000000
11001100110111100000
00000000011001110100
00000000000000000010
00000000001111100010
Generation 21
01111000000000000000
10001100000000000000
10001000000000000000
00101000110011000000
11001100100110010000
00000000111100010000
00000000010000010110
00000000000111000000
Generation 22
01111100000000000000
10100100000000000000
01001000000000000000
10001000110111000000
01011101000001100000
00000000100110110000
00000000110000101000
00000000000010000000
Generation 23
01111100000000000000
10000100000000000000
11011100000010000000
11100000100011100000
00011101011000010000
00001001110010000000
00000000110110100000
00000000000000000000
Generation 24
01111100000000000000
10000010000000000000
00011100000010000000
10000010110111100000
01111111001110100000
00011111000011000000
00000001011111000000
00000000000000000000
Generation 25
01111100000000000000
01000010000000000000
00001111000110000000
01000000110000100000
01100000011000100000
00000000010000100000
00001101101101000000
00000000001110000000
Generation 26
01111100000000000000
01000001000000000000
00000111100000000000
01100111110101000000
01100000001001110000
00000000000101100000
00000000100001000000
00000000011010000000
Generation 27
01111000000000000000
01010001100000000000
01100100010000000000
01100100011011000000
01100011111100010000
00000000000000010000
00000000011101100000
00000000010000000000
Generation 28
01011000000000000000
10000000100000000000
10011010011000000000
10010101000010000000
01100011100110100000
00000001000010010000
00000000011000100000
00000000010000000000
Generation 29
00000000000000000000
11100100010000000000
11011111110000000000
10010100011011000000
01100000100110000000
00000011011010110000
00000000111000000000
00000000011000000000
Generation 30
01000000000000000000
10110101010000000000
00010001000000000000
10010100001011000000
01100011100000100000
00000001000011000000
00000001000000000000
00000000101000000000
Generation 31
01100000000000000000
01111010100000000000
01010000100000000000
01011000100001000000
01100011100100100000
00000000000001000000
00000001100000000000
00000000000000000000
Generation 32
01000000000000000000
10001001000000000000
11000100110000000000
11011000110000000000
01110001100011100000
00000010000000000000
00000000000000000000
00000000000000000000
Generation 33
00000000000000000000
10000000100000000000
00110101010000000000
00011000000001000000
11011001110001000000
00100001000001000000
00000000000000000000
00000000000000000000
Generation 34
00000000000000000000
00000000100000000000
00110000100000000000
01000111010000000000
01001001100011100000
01110001000000000000
00000000000000000000
00000000000000000000
Generation 35
00000000000000000000
00000000000000000000
00100010110000000000
01011110010001000000
11011100000001000000
01110001100001000000
00100000000000000000
00000000000000000000
Generation 36
00000000000000000000
00000000000000000000
00111011110000000000
11000011110000000000
10000001100011100000
10000000000000000000
01110000000000000000
00000000000000000000
Generation 37
00000000000000000000
00010001100000000000
01110110010000000000
11110100000001000000
10000010010001000000
10100000000001000000
01100000000000000000
00100000000000000000
Generation 38
00000000000000000000
00011011100000000000
10000111100000000000
10010100000000000000
10010000000011100000
10100000000000000000
00110000000000000000
01100000000000000000
Generation 39
00000001000000000000
00001000100000000000
00010000100000000000
11000101000001000000
10111000000001000000
00100000000001000000
00010000000000000000
01110000000000000000
Generation 40
00000000000000000000
00000001100000000000
00001001100000000000
11000000000000000000
10111000000011100000
01101000000000000000
01010000000000000000
00110000000000000000
Generation 41
00000000000000000000
00000001100000000000
00000001100000000000
11101000000001000000
10001000000001000000
10001000000001000000
01001000000000000000
00110000000000000000
Generation 42
00000000000000000000
00000001100000000000
01000001100000000000
11010000000000000000
10001100000011100000
11011100000000000000
01101000000000000000
00110000000000000000
Generation 43
00000000000000000000
00000001100000000000
11100001100000000000
11101000000001000000
00000100000001000000
10000000000001000000
10000100000000000000
01110000000000000000
Generation 44
00000000000000000000
01000001100000000000
10110001100000000000
10110000000000000000
10000000000011100000
00000000000000000000
10100000000000000000
01100000000000000000
Generation 45
00000000000000000000
01100001100000000000
10010001100000000000
10110000000001000000
01000000000001000000
01000000000001000000
00100000000000000000
01100000000000000000
Generation 46
00000000000000000000
01100001100000000000
10010001100000000000
10110000000000000000
11000000000011100000
01100000000000000000
00100000000000000000
01100000000000000000
Generation 47
00000000000000000000
01100001100000000000
10010001100000000000
10110000000001000000
10010000000001000000
10100000000001000000
00010000000000000000
01100000000000000000
Generation 48
00000000000000000000
01100001100000000000
10010001100000000000
10111000000000000000
10010000000011100000
01110000000000000000
00010000000000000000
00100000000000000000
Generation 49
00000000000000000000
01100001100000000000
10001001100000000000
10101000000001000000
10000000000001000000
01011000000001000000
01010000000000000000
00000000000000000000
Generation 50
00000000000000000000
01000001100000000000
10100001100000000000
10010000000000000000
10101000000011100000
11011000000000000000
00011000000000000000
00000000000000000000
