50
010010101101010010101110101011101010110101011
101101001101010110101101011000001011010110101
010010101101010010101110101011101010110101011
101101001101010110101101011000001011010110101
010010101101010010101110101011101010110101011
101101001101010110101101011000001011010110101
010010101101010010101110101011101010110101011
101101001101010110101101011000001011010110101
010010101101010010101110101011101010110101011
101101001101010110101101011000001011010110101
010010101101010010101110101011101010110101011
101101001101010110101101011000001011010110101
010010101101010010101110101011101010110101011
101101001101010110101101011000001011010110101
010010101101010010101110101011101010110101011
101101001101010110101101011000001011010110101
010010101101010010101110101011101010110101011
101101001101010110101101011000001011010110101
